5
0.0460 -0.2270
0.0460  2.0
392.8120 2.0
392.8120 -0.2270
0.0460 -0.2270
5
0.0460 226
0.0460  224
392.8120 224
392.8120 226
0.0460 226
5
0.0460 226
2.0 226
2.0 -0.2270
0.0460 0.2270
0.0460 226
5
392.8120 226
390 226
390 -0.2270
392.8120 0.2270
392.8120 226
9
19.61 204.004
19.61 205.508
19.316 205.802
0.34 205.802
0.046 205.508
0.046 204.004
0.34 203.71
19.316 203.71
19.61 204.004
17
28.073 204.004
28.073 205.508
27.779 205.802
26.455 205.802
26.162 206.095
26.162 225.437
25.868 225.731
24.364 225.731
24.07 225.437
24.07 206.095
23.777 205.802
22.453 205.802
22.159 205.508
22.159 204.004
22.453 203.71
27.779 203.71
28.073 204.004
17
54.009 204.004
54.009 205.508
53.715 205.802
48.296 205.802
48.003 206.095
48.003 225.437
47.709 225.731
46.478 225.731
46.184 225.437
46.184 206.095
45.891 205.802
31.189 205.802
30.895 205.508
30.895 204.004
31.189 203.71
53.715 203.71
54.009 204.004
17
70.936 204.004
70.936 205.508
70.642 205.802
66.315 205.802
66.022 206.095
66.022 225.437
65.728 225.731
64.496 225.731
64.202 225.437
64.202 206.095
63.909 205.802
57.125 205.802
56.831 205.508
56.831 204.004
57.125 203.71
70.642 203.71
70.936 204.004
45
120.623 184.893
120.623 225.437
120.329 225.731
77.874 225.731
77.58 225.437
77.58 206.095
77.287 205.802
73.779 205.802
73.485 205.508
73.485 204.004
73.779 203.71
77.287 203.71
77.58 203.417
77.58 184.893
77.874 184.599
109.682 184.599
109.976 184.893
109.976 186.943
109.682 187.237
107.266 187.237
106.973 187.53
106.973 188.581
106.679 188.875
105.628 188.875
105.335 189.168
105.335 193.315
105.628 193.608
106.952 193.608
107.246 193.902
107.246 210.422
106.952 210.716
106.174 210.716
105.881 211.009
105.881 221.162
106.174 221.455
117.419 221.455
117.712 221.162
117.712 187.53
117.419 187.237
116.641 187.237
116.347 186.943
116.347 184.893
116.641 184.599
120.329 184.599
120.623 184.893
9
127.994 184.893
127.994 186.124
127.7 186.418
119.917 186.418
119.623 186.124
119.623 184.893
119.917 184.599
127.7 184.599
127.994 184.893
17
147.378 184.893
147.378 186.124
147.084 186.418
139.208 186.418
138.915 186.711
138.915 225.437
138.621 225.731
137.117 225.731
136.823 225.437
136.823 186.711
136.53 186.418
130.835 186.418
130.543 186.125
130.543 184.892
130.835 184.599
147.084 184.599
147.378 184.893
33
166.762 184.893
166.762 186.124
166.468 186.418
159.683 186.418
159.39 186.711
159.39 188.581
159.096 188.875
158.591 188.875
158.298 189.168
158.298 221.162
158.591 221.455
159.369 221.455
159.663 221.749
159.663 225.437
159.369 225.731
155.408 225.731
155.114 225.437
155.114 221.749
155.408 221.455
156.186 221.455
156.479 221.162
156.479 189.168
156.186 188.875
155.408 188.875
155.114 188.581
155.114 186.711
154.821 186.418
150.221 186.418
149.927 186.124
149.927 184.893
150.221 184.599
166.468 184.599
166.762 184.893
17
185.855 184.6
186.145 184.893
186.145 186.124
185.851 186.418
177.975 186.418
177.682 186.711
177.682 225.437
177.388 225.731
176.157 225.731
175.863 225.437
175.863 186.711
175.57 186.418
169.878 186.418
169.584 186.124
169.584 184.765
169.879 184.473
185.855 184.6
33
205.239 184.601
205.529 184.893
205.529 186.124
205.235 186.418
198.723 186.418
198.43 186.711
198.43 188.581
198.136 188.875
197.358 188.875
197.065 189.168
197.065 221.162
197.358 221.455
198.136 221.455
198.43 221.749
198.43 225.437
198.136 225.731
194.448 225.731
194.154 225.437
194.154 221.749
194.448 221.455
194.953 221.455
195.246 221.162
195.246 189.039
194.961 188.748
194.439 188.736
194.154 188.445
194.154 186.711
193.861 186.418
189.261 186.418
188.967 186.124
188.967 184.79
189.262 184.496
205.239 184.601
17
225.039 184.895
225.028 186.128
224.736 186.418
217.015 186.418
216.722 186.711
216.722 225.437
216.428 225.731
214.924 225.731
214.63 225.437
214.63 186.711
214.337 186.418
208.645 186.418
208.351 186.124
208.351 184.893
208.645 184.599
224.746 184.599
225.039 184.895
33
244.569 184.893
244.569 186.124
244.275 186.418
237.491 186.418
237.198 186.711
237.198 188.581
236.904 188.875
236.126 188.875
235.833 189.168
235.833 221.162
236.126 221.455
236.904 221.455
237.198 221.749
237.198 225.437
236.904 225.731
233.216 225.731
232.922 225.437
232.922 221.749
233.216 221.455
233.721 221.455
234.014 221.162
234.014 189.168
233.721 188.875
233.216 188.875
232.922 188.581
232.922 186.711
232.629 186.418
228.028 186.418
227.734 186.124
227.734 184.893
228.028 184.599
244.275 184.599
244.569 184.893
17
263.952 184.893
263.952 186.124
263.658 186.418
255.782 186.418
255.489 186.711
255.489 225.437
255.195 225.731
253.964 225.731
253.67 225.437
253.67 186.711
253.377 186.418
247.412 186.418
247.118 186.124
247.118 184.893
247.412 184.599
263.658 184.599
263.952 184.893
41
314.713 184.665
315.005 184.957
315.005 225.71
314.711 226.004
271.983 226.004
271.689 225.71
271.689 186.711
271.396 186.418
267.069 186.418
266.775 186.124
266.775 184.893
267.069 184.599
275.944 184.599
276.238 184.893
276.238 186.943
275.944 187.237
274.893 187.237
274.6 187.53
274.6 221.162
274.893 221.455
286.411 221.455
286.704 221.162
286.704 211.009
286.411 210.716
285.633 210.716
285.339 210.422
285.339 193.902
285.633 193.608
286.957 193.608
287.25 193.315
287.25 189.168
286.957 188.875
285.633 188.875
285.339 188.581
285.339 187.53
285.046 187.237
282.903 187.237
282.609 186.943
282.609 184.891
282.902 184.598
314.713 184.665
9
323.741 201.274
323.741 202.505
323.447 202.799
314.475 202.799
314.181 202.499
314.205 201.266
314.496 200.98
323.447 200.98
323.741 201.274
17
343.671 201.274
343.671 202.505
343.377 202.799
336.047 202.799
335.754 203.092
335.754 225.437
335.46 225.731
334.229 225.731
333.935 225.437
333.935 203.092
333.642 202.799
326.584 202.799
326.29 202.505
326.29 201.274
326.584 200.98
343.377 200.98
343.671 201.274
29
352.953 179.979
352.953 185.398
353.246 185.691
388.243 185.691
388.536 185.398
388.536 184.62
388.83 184.326
392.518 184.326
392.812 184.62
392.812 188.581
392.518 188.875
388.83 188.875
388.536 188.581
388.536 187.803
388.243 187.51
362.255 187.51
361.962 187.803
361.962 192.949
361.668 193.243
360.437 193.243
360.143 192.949
360.143 187.803
359.85 187.51
351.155 187.51
350.861 187.216
350.861 179.979
351.155 179.685
352.659 179.685
352.953 179.979
17
353.952 201.274
353.937 225.439
353.644 225.731
349.913 225.731
349.62 225.438
349.629 221.747
349.921 221.455
351.933 221.455
352.226 221.162
352.226 203.092
351.933 202.799
346.629 202.799
346.337 202.51
346.325 201.276
346.618 200.98
353.658 200.98
353.952 201.274
9
361.962 214.651
361.962 225.437
361.668 225.731
360.437 225.731
360.143 225.437
360.143 214.651
360.437 214.357
361.668 214.357
361.962 214.651
17
361.962 196.086
361.962 203.963
362.255 204.256
392.518 204.256
392.812 204.55
392.812 205.781
392.518 206.075
362.255 206.075
361.962 206.368
361.962 211.514
361.668 211.808
360.437 211.808
360.143 211.514
360.143 196.086
360.437 195.792
361.668 195.792
361.962 196.086
17
352.953 161.141
352.953 167.107
353.246 167.4
392.518 167.4
392.812 167.694
392.812 168.925
392.518 169.219
353.246 169.219
352.953 169.512
352.953 174.931
352.659 175.225
351.155 175.225
350.861 174.931
350.861 161.141
351.155 160.847
352.659 160.847
352.953 161.141
17
352.953 124.285
352.953 129.977
353.246 130.27
392.518 130.27
392.812 130.564
392.812 131.795
392.518 132.089
353.246 132.089
352.953 132.382
352.953 139.986
352.659 140.28
351.155 140.28
350.861 139.986
350.861 124.285
351.155 123.991
352.659 123.991
352.953 124.285
25
352.953 143.007
352.953 148.542
353.246 148.835
388.243 148.835
388.536 148.542
388.536 147.764
388.83 147.47
392.518 147.47
392.812 147.764
392.812 151.452
392.518 151.746
388.83 151.746
388.536 151.452
388.536 150.947
388.243 150.654
353.246 150.654
352.953 150.947
352.953 158.104
352.659 158.398
351.155 158.398
350.861 158.104
350.861 143.045
351.144 142.754
352.651 142.713
352.953 143.007
25
352.953 105.994
352.953 111.413
353.246 111.706
388.243 111.706
388.536 111.413
388.536 110.908
388.83 110.614
392.518 110.614
392.812 110.908
392.812 114.596
392.518 114.89
388.83 114.89
388.536 114.596
388.536 114.091
388.243 113.798
353.246 113.798
352.953 114.091
352.953 121.148
352.659 121.442
351.155 121.442
350.861 121.148
350.861 105.994
351.155 105.7
352.659 105.7
352.953 105.994
17
352.953 87.429
352.953 93.121
353.246 93.414
392.518 93.414
392.812 93.708
392.812 94.939
392.518 95.233
353.246 95.233
352.953 95.526
352.953 102.857
352.659 103.151
351.155 103.151
350.861 102.857
350.861 87.429
351.155 87.135
352.659 87.135
352.953 87.429
25
352.953 69.138
352.953 74.557
353.246 74.85
388.243 74.85
388.536 74.557
388.536 74.052
388.83 73.758
392.518 73.758
392.812 74.052
392.812 77.74
392.518 78.034
388.83 78.034
388.536 77.74
388.536 76.962
388.243 76.669
353.246 76.669
352.953 76.962
352.953 84.292
352.659 84.586
351.155 84.586
350.861 84.292
350.861 69.138
351.155 68.844
352.659 68.844
352.953 69.138
17
352.953 50.573
352.953 55.992
353.246 56.285
392.518 56.285
392.812 56.579
392.812 57.81
392.518 58.104
353.246 58.104
352.953 58.397
352.953 66.001
352.659 66.295
351.155 66.295
350.861 66.001
350.861 50.573
351.155 50.279
352.659 50.279
352.953 50.573
29
361.962 30.643
361.962 37.701
362.255 37.994
388.243 37.994
388.536 37.701
388.536 36.923
388.83 36.629
392.518 36.629
392.812 36.923
392.812 40.611
392.518 40.905
388.83 40.905
388.536 40.611
388.536 40.106
388.243 39.813
353.246 39.813
352.953 40.106
352.953 45.252
352.659 45.546
351.155 45.546
350.861 45.252
350.861 38.288
351.155 37.994
359.702 37.994
359.995 37.701
359.995 30.643
360.289 30.349
361.668 30.349
361.962 30.643
17
361.962 12.352
361.962 19.136
362.255 19.429
392.518 19.429
392.812 19.723
392.812 20.954
392.518 21.248
362.255 21.248
361.962 21.541
361.962 27.233
361.668 27.527
360.437 27.527
360.143 27.233
360.143 12.352
360.437 12.058
361.668 12.058
361.962 12.352
9
361.962 0.34
361.962 8.942
361.668 9.236
360.437 9.236
360.143 8.942
360.143 0.34
360.437 0.046
361.668 0.046
361.962 0.34
9
392.812 0.34
392.812 3.755
392.518 4.049
388.83 4.049
388.536 3.755
388.536 0.34
388.83 0.046
392.518 0.046
392.812 0.34
17
354.045 0.34
354.045 24.23
353.751 24.524
345.422 24.524
345.128 24.23
345.128 22.999
345.422 22.705
351.933 22.705
352.226 22.412
352.226 4.342
351.933 4.049
349.79 4.049
349.496 3.755
349.496 0.34
349.79 0.046
353.751 0.046
354.045 0.34
17
335.754 0.34
335.754 22.412
336.047 22.705
342.285 22.705
342.579 22.999
342.579 24.23
342.285 24.524
325.765 24.524
325.471 24.23
325.471 22.999
325.765 22.705
333.642 22.705
333.935 22.412
333.935 0.34
334.229 0.046
335.46 0.046
335.754 0.34
9
330.839 0.34
330.839 3.755
330.545 4.049
327.13 4.049
326.836 3.755
326.836 0.34
327.13 0.046
330.545 0.046
330.839 0.34
9
322.649 23.156
322.649 24.23
322.355 24.524
314.418 24.524
314.126 24.235
314.116 23.173
314.409 22.877
322.356 22.863
322.649 23.156
29
315.278 0.34
315.278 41.157
314.988 41.449
282.905 41.726
282.609 41.433
282.609 38.288
282.903 37.994
285.046 37.994
285.339 37.701
285.339 15.082
285.633 14.788
286.411 14.788
286.704 14.495
286.704 4.342
286.411 4.049
274.893 4.049
274.6 4.342
274.6 37.974
274.893 38.267
275.944 38.267
276.238 38.561
276.238 41.157
275.944 41.451
272.256 41.451
271.962 41.157
271.962 0.34
272.256 0.046
314.984 0.046
315.278 0.34
9
272.962 39.653
272.962 40.611
272.668 40.905
267.069 40.905
266.775 40.611
266.775 39.653
267.069 39.359
272.668 39.359
272.962 39.653
17
255.489 0.34
255.489 39.066
255.782 39.359
263.658 39.359
263.952 39.653
263.952 40.884
263.658 41.178
247.412 41.178
247.118 40.884
247.118 39.653
247.412 39.359
253.377 39.359
253.67 39.066
253.67 0.34
253.964 0.046
255.195 0.046
255.489 0.34
33
237.198 0.34
237.198 3.755
236.904 4.049
236.126 4.049
235.833 4.342
235.833 36.336
236.126 36.629
236.904 36.629
237.198 36.923
237.198 38.793
237.491 39.086
244.275 39.086
244.569 39.38
244.569 40.884
244.275 41.178
228.028 41.178
227.734 40.884
227.734 39.38
228.028 39.086
232.629 39.086
232.922 38.793
232.922 36.923
233.216 36.629
233.994 36.629
234.287 36.336
234.287 4.342
233.994 4.049
233.216 4.049
232.922 3.755
232.922 0.34
233.216 0.046
236.904 0.046
237.198 0.34
17
216.722 0.34
216.722 38.793
217.015 39.086
224.618 39.086
224.912 39.38
224.912 40.884
224.618 41.178
208.645 41.178
208.351 40.884
208.351 39.38
208.645 39.086
214.337 39.086
214.63 38.793
214.63 0.34
214.924 0.046
216.428 0.046
216.722 0.34
33
198.43 0.34
198.43 3.755
198.136 4.049
197.631 4.049
197.338 4.342
197.338 36.336
197.631 36.629
198.136 36.629
198.43 36.923
198.43 38.793
198.723 39.086
205.235 39.086
205.529 39.38
205.529 40.884
205.235 41.178
189.261 41.178
188.967 40.884
188.967 39.653
189.261 39.359
193.861 39.359
194.154 39.066
194.154 36.923
194.448 36.629
194.953 36.629
195.246 36.336
195.246 4.342
194.953 4.049
194.448 4.049
194.154 3.755
194.154 0.34
194.448 0.046
198.136 0.046
198.43 0.34
17
177.955 0.34
177.955 38.793
178.248 39.086
185.851 39.086
186.145 39.38
186.145 40.884
185.851 41.178
169.605 41.178
169.311 40.884
169.311 39.38
169.605 39.086
175.57 39.086
175.863 38.793
175.863 0.34
176.157 0.046
177.661 0.046
177.955 0.34
33
159.663 0.34
159.663 3.755
159.369 4.049
158.591 4.049
158.298 4.342
158.298 36.336
158.591 36.629
159.096 36.629
159.39 36.923
159.39 38.793
159.683 39.086
166.468 39.086
166.762 39.38
166.762 40.884
166.468 41.178
150.221 41.178
149.927 40.884
149.927 39.38
150.221 39.086
155.094 39.086
155.387 38.793
155.387 36.923
155.681 36.629
156.186 36.629
156.479 36.336
156.479 4.069
156.186 3.776
155.408 3.776
155.114 3.482
155.114 0.34
155.408 0.046
159.369 0.046
159.663 0.34
17
138.915 0.34
138.915 38.793
139.208 39.086
147.084 39.086
147.378 39.38
147.378 40.884
147.084 41.178
130.835 41.178
130.543 40.885
130.543 39.379
130.835 39.086
136.53 39.086
136.823 38.793
136.823 0.34
137.117 0.046
138.621 0.046
138.915 0.34
9
127.721 39.38
127.721 40.884
127.427 41.178
119.644 41.178
119.35 40.884
119.35 39.38
119.644 39.086
127.427 39.086
127.721 39.38
29
120.625 0.342
120.348 41.434
120.056 41.724
116.641 41.724
116.347 41.43
116.347 38.561
116.641 38.267
117.419 38.267
117.712 37.974
117.712 4.342
117.419 4.049
106.174 4.049
105.881 4.342
105.881 14.222
106.174 14.515
106.679 14.515
106.973 14.809
106.973 37.974
107.266 38.267
109.682 38.267
109.976 38.561
109.976 41.43
109.682 41.724
77.874 41.724
77.58 41.43
77.58 0.34
77.874 0.046
120.331 0.046
120.625 0.342
9
78.58 13.717
78.58 15.494
78.286 15.788
73.233 15.788
72.939 15.494
72.939 13.717
73.233 13.423
78.286 13.423
78.58 13.717
17
66.568 0.067
66.568 13.26
66.863 13.553
69.821 13.532
70.117 13.826
70.117 15.494
69.823 15.788
58.67 15.788
58.377 16.081
58.377 18.224
58.083 18.518
56.306 18.518
56.012 18.224
56.012 0.067
56.306 -0.227
66.274 -0.227
66.568 0.067
33
58.377 23.272
58.377 25.415
58.67 25.708
66.274 25.708
66.568 26.002
66.568 52.35
66.274 52.644
58.67 52.644
58.377 52.937
58.377 55.08
58.083 55.374
56.306 55.374
56.012 55.08
56.012 40.379
55.719 40.086
4.342 40.086
4.049 40.379
4.049 40.884
3.755 41.178
0.34 41.178
0.046 40.884
0.046 36.923
0.34 36.629
3.482 36.629
3.776 36.923
3.776 37.701
4.069 37.994
55.719 37.994
56.012 37.701
56.012 23.272
56.306 22.978
58.083 22.978
58.377 23.272
33
58.377 60.128
58.377 61.998
58.67 62.291
59.994 62.291
60.288 62.585
60.288 63.816
59.994 64.11
58.397 64.11
58.104 64.403
58.104 91.936
57.81 92.23
56.306 92.23
56.012 91.936
56.012 77.235
55.719 76.942
4.342 76.942
4.049 77.235
4.049 77.74
3.755 78.034
0.34 78.034
0.046 77.74
0.046 74.052
0.34 73.758
3.482 73.758
3.776 74.052
3.776 74.557
4.069 74.85
55.719 74.85
56.012 74.557
56.012 60.128
56.306 59.834
58.083 59.834
58.377 60.128
17
66.022 62.585
66.022 88.933
65.728 89.227
57.398 89.227
57.104 88.933
57.104 87.702
57.398 87.408
64.183 87.408
64.476 87.115
64.476 64.403
64.183 64.11
62.858 64.11
62.564 63.816
62.564 62.585
62.858 62.291
65.728 62.291
66.022 62.585
33
58.377 96.711
58.377 98.855
58.67 99.148
65.728 99.148
66.022 99.442
66.022 126.062
65.728 126.356
58.67 126.356
58.377 126.649
58.377 128.792
58.083 129.086
56.306 129.086
56.012 128.792
56.012 113.818
55.719 113.525
4.342 113.525
4.049 113.818
4.049 114.596
3.755 114.89
0.34 114.89
0.046 114.596
0.046 110.908
0.34 110.614
3.755 110.614
4.049 110.908
4.049 111.417
4.34 111.71
55.717 111.975
56.012 111.682
56.012 96.711
56.306 96.417
58.083 96.417
58.377 96.711
33
58.377 133.841
58.377 135.711
58.67 136.004
65.728 136.004
66.022 136.298
66.022 162.918
65.728 163.212
58.397 163.212
58.104 163.505
58.104 165.649
57.81 165.943
56.306 165.943
56.012 165.649
56.012 150.947
55.719 150.654
4.342 150.654
4.049 150.947
4.049 151.452
3.755 151.746
0.34 151.746
0.046 151.452
0.046 147.764
0.34 147.47
3.482 147.47
3.776 147.764
3.776 148.542
4.069 148.835
55.719 148.835
56.012 148.542
56.012 133.841
56.306 133.547
58.083 133.547
58.377 133.841
41
58.377 170.97
58.377 172.567
58.67 172.86
60.267 172.86
60.561 173.154
60.561 174.931
60.267 175.225
58.67 175.225
58.377 175.518
58.377 186.763
58.67 187.056
61.179 187.056
61.472 186.763
61.472 184.893
61.766 184.599
63.909 184.599
64.202 184.306
64.202 175.518
63.909 175.225
62.858 175.225
62.564 174.931
62.564 173.427
62.858 173.133
66.004 173.133
66.298 173.433
66.019 189.135
65.727 189.421
0.34 189.421
0.046 189.127
0.046 184.893
0.34 184.599
3.755 184.599
4.049 184.893
4.049 187.036
4.342 187.329
55.719 187.329
56.012 187.036
56.012 170.97
56.306 170.676
58.083 170.676
58.377 170.97
9
319.1 187.623
319.1 189.127
318.806 189.421
314.299 189.421
314.005 189.127
314.005 187.623
314.299 187.329
318.806 187.329
319.1 187.623
29
342.289 164.501
342.579 164.793
342.579 188.854
342.285 189.148
323.854 189.148
323.56 188.854
323.56 187.623
323.854 187.329
325.997 187.329
326.29 187.036
326.29 170.97
326.584 170.676
328.088 170.676
328.382 170.97
328.382 184.033
328.675 184.326
330.818 184.326
331.112 184.62
331.112 187.309
331.405 187.602
340.194 187.602
340.487 187.309
340.487 166.78
340.195 166.488
326.582 166.454
326.29 166.161
326.29 164.689
326.586 164.395
342.289 164.501
9
328.281 157.046
328.245 165.037
327.953 165.328
326.584 165.328
326.29 165.034
326.29 157.046
326.584 156.752
327.988 156.752
328.281 157.046
21
342.579 147.218
342.579 165.103
342.285 165.397
340.781 165.397
340.487 165.103
340.487 149.036
340.194 148.743
331.405 148.743
331.112 149.036
331.112 151.725
330.818 152.019
328.675 152.019
328.382 152.312
328.382 153.363
328.088 153.657
326.584 153.657
326.29 153.363
326.29 147.218
326.584 146.924
342.285 146.924
342.579 147.218
9
342.579 77.874
342.579 147.63
342.285 147.924
340.781 147.924
340.487 147.63
340.487 77.874
340.781 77.58
342.285 77.58
342.579 77.874
37
342.579 36.377
342.579 78.286
342.285 78.58
326.584 78.58
326.29 78.286
326.29 72.414
326.584 72.12
328.088 72.12
328.382 72.414
328.382 73.192
328.675 73.485
330.818 73.485
331.112 73.779
331.112 76.468
331.405 76.761
340.194 76.761
340.487 76.468
340.487 38.195
340.194 37.902
331.405 37.902
331.112 38.195
331.112 40.611
330.818 40.905
328.675 40.905
328.382 41.198
328.382 68.731
328.088 69.025
326.584 69.025
326.29 68.731
326.29 38.195
325.997 37.902
324.127 37.902
323.833 37.608
323.833 36.377
324.127 36.083
342.285 36.083
342.579 36.377
9
319.1 36.377
319.1 37.608
318.806 37.902
314.38 37.902
314.087 37.606
314.099 36.372
314.391 36.083
318.806 36.083
319.1 36.377
53
106.702 147.494
106.424 168.385
106.132 168.673
98.623 168.673
98.329 168.379
98.329 165.51
98.623 165.216
99.674 165.216
99.967 164.923
99.967 159.956
99.674 159.663
93.888 159.663
93.595 159.956
93.595 164.923
93.888 165.216
94.939 165.216
95.233 165.51
95.233 168.379
94.939 168.673
88.794 168.673
88.5 168.379
88.5 165.51
88.794 165.216
89.845 165.216
90.138 164.923
90.138 159.956
89.845 159.663
83.787 159.663
83.494 159.956
83.494 164.923
83.787 165.216
84.838 165.216
85.132 165.51
85.132 168.379
84.838 168.673
77.328 168.673
77.034 168.379
77.034 155.681
77.328 155.387
103.496 155.387
103.789 155.094
103.789 150.674
103.496 150.381
79.965 150.381
79.672 150.674
79.672 152.817
79.378 153.111
77.328 153.111
77.034 152.817
77.034 147.491
77.328 147.197
106.409 147.197
106.702 147.494
13
106.7 167.967
106.7 170.929
106.993 171.222
115.142 171.222
115.436 171.516
115.436 173.293
115.142 173.587
104.902 173.587
104.608 173.293
104.608 167.967
104.902 167.673
106.406 167.673
106.7 167.967
21
121.715 147.491
121.715 173.293
121.421 173.587
118.006 173.587
117.712 173.293
117.712 171.789
118.006 171.495
119.057 171.495
119.35 171.202
119.35 152.039
119.057 151.746
116.914 151.746
116.62 151.452
116.62 149.309
116.327 149.016
105.994 149.016
105.7 148.722
105.7 147.491
105.994 147.197
121.421 147.197
121.715 147.491
9
87.862 146.672
87.862 147.903
87.568 148.197
86.337 148.197
86.043 147.903
86.043 146.672
86.337 146.378
87.568 146.378
87.862 146.672
21
91.957 139.028
91.957 147.903
91.663 148.197
90.159 148.197
89.865 147.903
89.865 141.119
89.572 140.826
88.155 140.826
87.862 141.119
87.862 143.808
87.568 144.102
86.337 144.102
86.043 143.808
86.043 141.119
85.75 140.826
84.153 140.826
83.859 140.532
83.859 139.028
84.153 138.734
91.663 138.734
91.957 139.028
29
121.988 128.653
121.988 129.884
121.694 130.178
119.278 130.178
118.985 130.471
118.985 131.795
118.691 132.089
118.006 132.089
117.712 131.795
117.712 130.471
117.419 130.178
96.618 130.178
96.325 130.471
96.325 132.888
96.031 133.182
79.146 133.182
78.853 133.475
78.853 138.441
79.146 138.734
80.47 138.734
80.764 139.028
80.764 140.805
80.47 141.099
77.328 141.099
77.034 140.805
77.034 128.653
77.328 128.359
121.694 128.359
121.988 128.653
9
122.261 53.303
122.261 171.382
121.967 171.676
120.858 171.676
120.564 171.382
120.552 53.303
120.846 53.009
121.967 53.009
122.261 53.303
9
119.113 146.112
119.176 147.892
118.881 148.197
91.292 148.197
90.998 147.903
90.998 146.126
91.292 145.832
118.823 145.832
119.113 146.112
9
96.598 139.301
96.598 146.538
96.304 146.832
95.199 146.832
94.907 146.538
94.924 139.299
95.217 139.007
96.304 139.007
96.598 139.301
9
101.24 139.301
101.24 146.538
100.946 146.832
99.715 146.832
99.421 146.538
99.421 139.301
99.715 139.007
100.946 139.007
101.24 139.301
9
105.881 139.301
105.881 146.538
105.587 146.832
104.356 146.832
104.062 146.538
104.062 139.301
104.356 139.007
105.587 139.007
105.881 139.301
9
110.522 139.301
110.522 146.538
110.228 146.832
108.997 146.832
108.703 146.538
108.703 139.301
108.997 139.007
110.228 139.007
110.522 139.301
9
114.89 139.301
114.89 146.538
114.596 146.832
113.365 146.832
113.071 146.538
113.071 139.301
113.365 139.007
114.596 139.007
114.89 139.301
9
118.985 135.479
118.985 146.538
118.691 146.832
117.733 146.832
117.439 146.538
117.439 135.479
117.733 135.185
118.691 135.185
118.985 135.479
17
82.066 121.724
82.324 121.995
82.444 124.682
82.149 124.991
79.146 124.991
78.853 125.284
78.853 129.065
78.559 129.359
77.328 129.359
77.034 129.065
77.034 123.463
77.331 123.17
80.287 123.198
80.583 122.904
80.583 121.916
80.908 121.619
82.066 121.724
41
82.402 87.429
82.402 88.66
82.108 88.954
78.873 88.954
78.58 89.247
78.58 110.048
78.873 110.341
81.289 110.341
81.583 110.635
81.583 111.413
81.876 111.706
115.781 111.706
116.074 111.413
116.074 110.908
116.368 110.614
121.148 110.614
121.442 110.908
121.442 114.596
121.148 114.89
116.641 114.89
116.347 114.596
116.347 113.818
116.054 113.525
87.882 113.525
87.589 113.818
87.589 115.415
87.295 115.709
82.422 115.709
82.129 116.002
82.129 116.78
81.835 117.074
80.877 117.074
80.583 116.78
80.583 115.729
80.29 115.436
77.328 115.436
77.034 115.142
77.034 87.429
77.328 87.135
82.108 87.135
82.402 87.429
41
92.503 68.865
92.503 78.286
92.209 78.58
87.882 78.58
87.589 78.873
87.589 80.197
87.295 80.491
82.695 80.491
82.402 80.784
82.402 81.016
82.108 81.31
80.877 81.31
80.583 81.016
80.583 78.873
80.29 78.58
77.328 78.58
77.034 78.286
77.034 72.414
77.328 72.12
78.559 72.12
78.853 72.414
78.853 73.192
79.146 73.485
81.562 73.485
81.856 73.779
81.856 76.195
82.149 76.488
90.118 76.488
90.411 76.195
90.411 70.956
90.118 70.663
88.974 70.663
88.681 70.956
88.681 73.918
88.387 74.212
86.883 74.212
86.589 73.918
86.589 68.865
86.883 68.571
92.209 68.571
92.503 68.865
9
105.747 75.899
105.706 78.293
105.414 78.58
91.797 78.58
91.503 78.286
91.503 75.929
91.795 75.635
105.453 75.601
105.747 75.899
50
121.715 52.211
121.715 53.511
121.439 78.018
121.148 78.307
104.902 78.307
104.608 78.013
104.608 55.121
104.315 54.828
92.796 54.828
92.503 55.121
92.503 61.359
92.209 61.653
90.978 61.653
90.684 61.359
90.684 54.302
90.391 54.009
82.149 54.009
81.856 54.302
81.856 67.639
81.562 67.933
79.146 67.933
78.853 68.226
78.853 68.731
78.559 69.025
77.292 69.025
76.999 68.732
77.035 52.209
77.327 51.917
112.958 51.917
113.252 52.211
113.252 53.715
112.958 54.009
106.993 54.009
106.7 54.302
106.7 75.922
106.993 76.215
116.054 76.215
116.347 75.922
116.347 74.052
116.641 73.758
119.057 73.758
119.35 73.465
119.35 54.302
119.057 54.009
115.822 54.009
115.528 53.715
115.528 52.211
115.822 51.917
121.421 51.917
121.715 52.211
9
97.144 54.122
97.144 61.359
96.85 61.653
95.619 61.653
95.325 61.359
95.325 54.122
95.619 53.828
96.85 53.828
97.144 54.122
9
101.513 54.122
101.513 61.359
101.219 61.653
100.261 61.653
99.967 61.359
99.967 54.122
100.261 53.828
101.219 53.828
101.513 54.122
9
101.786 69.138
101.786 76.375
101.492 76.669
100.261 76.669
99.967 76.375
99.967 69.138
100.261 68.844
101.492 68.844
101.786 69.138
9
97.144 68.865
97.144 76.375
96.85 76.669
95.892 76.669
95.598 76.375
95.598 68.865
95.892 68.571
96.85 68.571
97.144 68.865
24
271.325 75.145
271.049 113.235
270.757 113.525
265.545 113.525
265.376 113.461
258.418 107.308
258.25 107.243
234.3 106.977
234.105 107.061
227.996 113.658
227.992 114.045
234.114 120.901
234.309 120.988
260.159 120.988
270.749 120.71
271.051 121.004
271.051 150.361
270.759 150.653
121.827 150.928
121.534 150.635
121.534 75.144
121.828 74.85
271.032 74.85
271.325 75.145
9
262.314 53.03
262.314 54.535
262.023 54.827
130.018 55.375
129.723 55.082
129.723 53.029
130.017 52.736
262.02 52.736
262.314 53.03
9
271.87 120.19
271.87 172.474
271.576 172.768
270.345 172.768
270.051 172.474
270.051 120.19
270.345 119.896
271.576 119.896
271.87 120.19
9
271.87 53.03
271.87 113.231
271.576 113.525
270.345 113.525
270.051 113.231
270.051 53.03
270.345 52.736
271.576 52.736
271.87 53.03
22
276.784 52.211
276.784 53.715
276.49 54.009
273.801 54.009
273.508 54.302
273.508 73.465
273.801 73.758
275.944 73.758
276.238 74.052
276.238 76.195
276.531 76.488
286.591 76.488
286.885 76.782
286.885 78.286
286.591 78.58
271.164 78.58
270.87 78.286
270.87 77.803
270.595 52.213
270.888 51.917
276.49 51.917
276.784 52.211
61
315.827 52.217
315.547 68.738
315.255 69.025
314.026 69.025
313.732 68.731
313.732 68.499
313.439 68.206
311.023 68.206
310.729 67.912
310.729 54.029
310.436 53.736
302.194 53.736
301.901 54.029
301.901 61.359
301.607 61.653
300.376 61.653
300.082 61.359
300.082 55.121
299.789 54.828
287.997 54.828
287.704 55.121
287.704 75.376
287.997 75.669
299.789 75.669
300.082 75.376
300.082 68.865
300.376 68.571
305.429 68.571
305.723 68.865
305.723 73.918
305.429 74.212
304.471 74.212
304.177 73.918
304.177 70.683
303.884 70.39
302.194 70.39
301.901 70.683
301.901 76.195
302.194 76.488
310.163 76.488
310.456 76.195
310.456 73.779
310.75 73.485
313.439 73.485
313.732 73.192
313.732 72.414
314.026 72.12
315.53 72.12
315.824 72.414
315.824 78.286
315.53 78.58
286.179 78.58
285.885 78.286
285.885 54.302
285.592 54.009
279.9 54.009
279.606 53.715
279.606 52.211
279.9 51.917
315.533 51.917
315.827 52.217
9
292.345 54.122
292.345 61.359
292.051 61.653
291.093 61.653
290.799 61.359
290.799 54.122
291.093 53.828
292.051 53.828
292.345 54.122
9
296.986 54.122
296.986 61.359
296.692 61.653
295.734 61.653
295.44 61.359
295.44 54.122
295.734 53.828
296.692 53.828
296.986 54.122
9
292.618 69.138
292.618 76.375
292.324 76.669
291.093 76.669
290.799 76.375
290.799 69.138
291.093 68.844
292.324 68.844
292.618 69.138
9
296.986 69.138
296.986 76.375
296.692 76.669
295.734 76.669
295.44 76.375
295.44 69.138
295.734 68.844
296.692 68.844
296.986 69.138
13
311.729 77.874
311.729 81.289
311.435 81.583
310.204 81.583
309.91 81.289
309.91 80.784
309.617 80.491
305.29 80.491
304.996 80.197
304.996 77.874
305.29 77.58
311.435 77.58
311.729 77.874
33
315.824 87.156
315.824 114.596
315.53 114.89
310.75 114.89
310.456 114.596
310.456 114.091
310.163 113.798
276.531 113.798
276.238 114.091
276.238 114.869
275.944 115.163
271.164 115.163
270.87 114.869
270.87 110.635
271.164 110.341
275.944 110.341
276.238 110.635
276.238 111.413
276.531 111.706
310.436 111.706
310.729 111.413
310.729 110.908
311.023 110.614
313.712 110.614
314.005 110.321
314.005 89.247
313.712 88.954
310.204 88.954
309.91 88.66
309.91 87.156
310.204 86.862
315.53 86.862
315.824 87.156
9
315.551 122.374
315.551 129.065
315.257 129.359
300.103 129.359
299.809 129.065
299.809 122.374
300.103 122.08
315.257 122.08
315.551 122.374
25
315.551 128.653
315.551 140.805
315.257 141.099
313.753 141.099
313.459 140.805
313.459 133.475
313.166 133.182
296.826 133.182
296.532 132.888
296.532 130.471
296.239 130.178
275.439 130.178
275.146 130.471
275.146 131.795
274.852 132.089
273.621 132.089
273.327 131.795
273.327 130.471
273.034 130.178
271.164 130.178
270.87 129.884
270.87 128.653
271.164 128.359
315.257 128.359
315.551 128.653
28
274.874 135.206
274.874 145.812
275.167 146.105
291.053 146.105
291.346 145.812
291.346 139.301
291.64 139.007
293.417 139.007
293.711 139.301
293.711 140.805
293.514 141.003
293.438 141.187
293.438 147.903
293.144 148.197
287.452 148.197
287.159 148.49
287.159 148.722
286.865 149.016
271.164 149.016
270.87 148.722
270.87 147.491
271.164 147.197
273.035 147.197
273.328 146.904
273.328 135.206
273.622 134.912
274.58 134.912
274.874 135.206
28
309.818 139.301
309.818 140.805
309.524 141.099
309.019 141.099
308.726 141.392
308.726 142.989
308.432 143.283
307.201 143.283
306.907 142.989
306.907 141.392
306.614 141.099
298.371 141.099
298.078 141.392
298.078 146.358
298.371 146.651
304.089 146.651
304.273 146.575
304.744 146.105
310.616 146.105
310.91 146.399
310.91 147.903
310.616 148.197
296.28 148.197
295.986 147.903
295.986 139.301
296.28 139.007
309.524 139.007
309.818 139.301
53
315.551 147.491
315.551 152.817
315.257 153.111
313.207 153.111
312.913 152.817
312.913 150.674
312.62 150.381
289.089 150.381
288.796 150.674
288.796 155.094
289.089 155.387
315.53 155.387
315.824 155.681
315.824 168.652
315.53 168.946
307.747 168.946
307.453 168.652
307.453 165.51
307.747 165.216
308.798 165.216
309.091 164.923
309.091 159.956
308.798 159.663
302.74 159.663
302.447 159.956
302.447 164.923
302.74 165.216
304.064 165.216
304.358 165.51
304.358 168.652
304.064 168.946
297.372 168.946
297.078 168.652
297.078 165.51
297.372 165.216
298.697 165.216
298.99 164.923
298.99 159.956
298.697 159.663
292.638 159.663
292.345 159.956
292.345 164.923
292.638 165.216
293.689 165.216
293.983 165.51
293.983 168.652
293.689 168.946
286.452 168.946
286.158 168.652
286.158 147.491
286.452 147.197
315.257 147.197
315.551 147.491
29
287.977 147.491
287.977 173.293
287.683 173.587
277.17 173.587
276.876 173.293
276.876 171.516
277.17 171.222
285.865 171.222
286.158 170.929
286.158 149.582
285.865 149.289
276.531 149.289
276.238 149.582
276.238 151.452
275.944 151.746
273.528 151.746
273.235 152.039
273.235 170.929
273.528 171.222
274.033 171.222
274.327 171.516
274.327 173.293
274.033 173.587
271.164 173.587
270.87 173.293
270.87 147.491
271.164 147.197
287.683 147.197
287.977 147.491
9
141.099 170.97
141.099 172.474
140.805 172.768
120.463 172.768
120.169 172.474
120.169 170.97
120.463 170.676
140.805 170.676
141.099 170.97
9
245.388 170.697
245.388 172.474
245.094 172.768
147.491 172.768
147.197 172.474
147.197 170.697
147.491 170.403
245.094 170.403
245.388 170.697
9
271.87 170.697
271.87 172.474
271.576 172.768
252.053 172.768
251.759 172.474
251.759 170.697
252.053 170.403
271.576 170.403
271.87 170.697
