9
287.140759	-8.715540
287.140762	-9.615540
286.790659	-9.615540
286.790659	-57.015540
287.140759	-57.015540
287.140759	-57.915540
286.490659	-57.915540
286.490659	-8.715540
287.140759	-8.715540
5
287.140759	-57.615540
387.740559	-57.615540
387.740559	-57.915540
287.140759	-57.915540
287.140759	-57.615540
9
387.740559	-57.915540
387.740559	-57.015540
388.090659	-57.015540
388.090659	-9.615540
387.740559	-9.615540
387.740559	-8.715540
388.390659	-8.715540
388.390659	-57.915540
387.740559	-57.915540
5
387.740559	-9.015540
287.140759	-9.015901
287.140759	-8.715901
387.740559	-8.715901
387.740559	-9.015540
5
308.9 -26.2
366.3 -26.2
366.3 -40.43
308.9 -40.43
308.9 -26.2




