5
366.610659	-25.695540
372.070659	-25.695540
372.070659	-18.135540
366.610659	-18.135540
366.610659	-25.695540
5
302.810659	-18.135540
308.270659	-18.135540
308.270659	-25.695540
302.810659	-25.695540
302.810659	-18.135540
19
294.070659	-17.935540
294.070659	-49.335540
287.790659	-49.335540
287.790659	-51.140540
288.140659	-51.140540
288.140659	-51.135540
299.920659	-51.135540
299.920659	-49.335540
299.090659	-49.335540
299.090659	-45.995540
295.920659	-45.995540
295.920659	-25.645540
299.420659	-25.645540
299.420659	-25.395540
299.920659	-25.395540
299.920659	-20.965540
299.090659	-20.965540
299.090659	-17.935540
294.070659	-17.935540
9
296.060659	-25.770540
296.060659	-33.253040
299.420659	-33.253040
299.420659	-32.995540
299.935659	-32.995540
299.935659	-26.035540
299.420659	-26.035540
299.420659	-25.770540
296.060659	-25.770540
7
296.060659	-33.378040
296.060659	-37.053040
299.935659	-37.053040
299.935659	-33.635540
299.420659	-33.635540
299.420659	-33.378040
296.060659	-33.378040
7
296.060659	-37.178040
296.060659	-40.853040
299.420659	-40.853040
299.420659	-40.595540
299.935659	-40.595540
299.935659	-37.178040
296.060659	-37.178040
7
296.060659	-40.978040
296.060659	-45.870540
299.935659	-45.870540
299.935659	-41.235540
299.420659	-41.235540
299.420659	-40.978040
296.060659	-40.978040
5
302.610659	-14.355540
303.690659	-14.355540
303.690659	-9.665540
302.610659	-9.665540
302.610659	-14.355540
7
303.830659	-9.665540
303.830659	-11.975540
308.620659	-11.975540
308.620659	-10.260540
308.120659	-10.260540
308.120659	-9.665540
303.830659	-9.665540
9
293.930659	-17.935540
288.490659	-17.935540
288.490659	-18.465544
287.790659	-18.465544
287.790659	-20.190540
288.140659	-20.190540
288.140659	-20.175540
293.930659	-20.175540
293.930659	-17.935540
9
293.930659	-20.300540
288.140659	-20.300540
288.140659	-20.240540
287.790659	-20.240540
287.790659	-22.740540
288.140659	-22.740540
288.140659	-22.730540
293.930659	-22.730540
293.930659	-20.300540
9
293.930659	-22.855540
288.140659	-22.855540
288.140659	-22.790540
287.790659	-22.790540
287.790659	-25.365540
288.490659	-25.365540
288.490659	-25.645540
293.930659	-25.645507
293.930659	-22.855540
9
293.930659	-25.785540
288.490659	-25.785540
288.490659	-26.065540
287.790659	-26.065540
287.790659	-27.790540
288.140659	-27.790540
288.140659	-27.785540
293.930659	-27.785540
293.930659	-25.785540
7
293.930659	-27.910540
288.140659	-27.910540
288.140659	-27.840540
287.790659	-27.840540
287.790659	-30.340540
293.930659	-30.340540
293.930659	-27.910540
9
293.930659	-30.465540
288.140659	-30.465540
288.140659	-30.390540
287.790659	-30.390540
287.790659	-32.965540
288.490659	-32.965540
288.490659	-33.253040
293.930659	-33.253040
293.930659	-30.465540
9
293.930659	-33.378040
288.490659	-33.378040
288.490659	-33.665544
287.790659	-33.665544
287.790659	-35.390540
288.140659	-35.390540
288.140659	-35.378040
293.930659	-35.378040
293.930659	-33.378040
9
293.930659	-35.503040
288.140659	-35.503040
288.140659	-35.440540
287.790659	-35.440540
287.790659	-37.940540
288.140659	-37.940540
288.140659	-37.933040
293.930659	-37.933040
293.930659	-35.503040
9
293.930659	-38.058040
288.140659	-38.058040
288.140659	-37.990540
287.790659	-37.990540
287.790659	-40.565540
288.490659	-40.565540
288.490659	-40.853040
293.930659	-40.853040
293.930659	-38.058040
9
293.930659	-40.978040
288.490659	-40.978040
288.490659	-41.265540
287.790659	-41.265540
287.790659	-43.140540
288.140659	-43.140540
288.140659	-43.103040
293.930659	-43.103040
293.930659	-40.978040
9
293.930659	-43.228040
288.140659	-43.228040
288.140659	-43.190540
287.790659	-43.190540
287.790659	-48.665540
288.490659	-48.665540
288.490659	-49.210540
293.930659	-49.210540
293.930659	-43.228040
5
300.060659	-56.965540
302.470659	-56.965540
302.470659	-48.835540
300.060659	-48.835540
300.060659	-56.965540
7
296.910659	-51.275520
296.910659	-56.965500
299.420659	-56.965500
299.420659	-56.295540
299.920659	-56.295540
299.920659	-51.275540
296.910659	-51.275520
5
294.010659	-56.965520
296.770659	-56.965520
296.770659	-51.275448
294.010659	-51.275448
294.010659	-56.965520
5
291.110659	-56.965520
293.870659	-56.965520
293.870659	-51.275469
291.110659	-51.275469
291.110659	-56.965520
9
290.970659	-51.275469
290.970659	-56.965540
288.490659	-56.965540
288.490659	-56.265540
287.790659	-56.265540
287.790659	-51.190540
288.140659	-51.190540
288.140659	-51.275540
290.970659	-51.275540
5
302.610659	-28.063093
308.470659	-28.063093
308.470659	-26.035540
302.610659	-26.035540
302.610659	-28.063093
5
308.470659	-28.203093
306.070659	-28.203093
306.070659	-30.203093
308.470659	-30.203093
308.470659	-28.203093
5
305.930659	-28.203093
302.610659	-28.203093
302.610659	-30.203093
305.930659	-30.203093
305.930659	-28.203093
13
302.960660	-33.495540
302.960660	-32.995540
302.610660	-32.995540
302.610659	-30.343093
308.610660	-30.343093
308.610660	-30.195540
308.925660	-30.195540
308.925660	-32.865540
308.215660	-32.865540
308.215660	-32.995540
307.915660	-32.995540
307.915660	-33.495540
302.960660	-33.495540
17
304.790673	-33.635540
302.610659	-33.635540
302.610659	-38.425540
304.790673	-38.425540
304.790673	-36.435540
304.930673	-36.435540
304.930673	-38.425540
308.620659	-38.425540
308.620659	-36.435540
308.925659	-36.435540
308.925659	-33.765540
308.215659	-33.765540
308.215659	-33.635540
304.930673	-33.635540
304.930673	-34.735540
304.790673	-34.735540
304.790673	-33.635540
9
308.620659	-38.565540
302.610659	-38.565540
302.610659	-40.615540
302.940659	-40.615540
302.940659	-41.075540
308.215659	-41.075540
308.215659	-40.615540
308.620659	-40.615540
308.620659	-38.565540
13
304.560644	-41.215540
304.560644	-42.295540
302.610659	-42.295540
302.610659	-46.105540
306.280720	-46.105539
306.280720	-44.815538
304.730720	-44.815529
304.730720	-44.675529
306.420729	-44.675539
306.420733	-46.105544
308.250644	-46.105544
308.250644	-41.215540
304.560644	-41.215540
11
308.610659	-17.935540
308.610659	-26.200540
308.610659	-26.200540
308.610659	-26.200540
313.790659	-26.200540
313.790659	-25.490540
314.170659	-25.490540
314.170659	-18.435540
313.920659	-18.435540
313.920659	-17.935540
308.610659	-17.935540
13
314.560659	-17.935540
314.560659	-18.435540
314.310659	-18.435540
314.310659	-25.490540
314.690659	-25.490540
314.690659	-26.200540
319.590659	-26.200540
319.590659	-25.490540
320.220659	-25.490540
320.220659	-18.435540
319.720659	-18.435540
319.720659	-17.935540
314.560659	-17.935540
11
320.360659	-17.935540
320.360659	-25.490540
320.490659	-25.490540
320.490659	-26.200540
325.390659	-26.200540
325.390659	-25.490540
325.770659	-25.490540
325.770659	-18.435540
325.520659	-18.435540
325.520659	-17.935540
320.360659	-17.935540
11
326.160659	-17.935540
326.160659	-18.435540
325.910659	-18.435540
325.910659	-25.490540
326.290659	-25.490540
326.290659	-26.200540
331.190659	-26.200540
331.190659	-25.490540
331.320659	-25.490540
331.320659	-17.935540
326.160659	-17.935540
13
331.960659	-17.935540
331.960659	-18.435540
331.460659	-18.435540
331.460659	-25.490540
332.090659	-25.490540
332.090659	-26.200540
336.990659	-26.200540
336.990659	-25.490540
337.370659	-25.490540
337.370659	-18.435540
337.120659	-18.435540
337.120659	-17.935540
331.960659	-17.935540
13
343.560659	-17.935540
343.560659	-18.435540
343.310659	-18.435540
343.310659	-25.490540
343.690659	-25.490540
343.690659	-26.200540
348.590659	-26.200540
348.590659	-25.490540
348.970659	-25.490540
348.970659	-18.435540
348.720659	-18.435540
348.720659	-17.935540
343.560659	-17.935540
13
349.360659	-17.935540
349.360659	-18.435540
349.110659	-18.435540
349.110659	-25.490540
349.490659	-25.490540
349.490659	-26.200540
354.390659	-26.200540
354.390659	-25.490540
354.770659	-25.490540
354.770659	-18.435540
354.520659	-18.435540
354.520659	-17.935540
349.360659	-17.935540
13
355.160659	-17.935540
355.160659	-18.435540
354.910659	-18.435540
354.910659	-25.490540
355.290659	-25.490540
355.290659	-26.200540
360.190659	-26.200540
360.190659	-25.490540
360.570659	-25.490540
360.570659	-18.435540
360.320659	-18.435540
360.320659	-17.935540
355.160659	-17.935540
9
360.960659	-17.935540
360.960659	-18.435540
360.710659	-18.435540
360.710659	-25.490540
361.090659	-25.490540
361.090659	-26.200540
366.270659	-26.200540
366.270659	-17.935540
360.960659	-17.935540
5
366.410691	-28.063093
372.270691	-28.063093
372.270691	-26.035540
366.410691	-26.035540
366.410691	-28.063093
5
368.810659	-28.203093
366.410659	-28.203093
366.410659	-30.203093
368.810659	-30.203093
368.810659	-28.203093
5
372.270659	-28.203093
368.950659	-28.203093
368.950659	-30.203093
372.270659	-30.203093
372.270659	-28.203093
9
366.490675	-41.310540
366.490675	-46.105539
363.610659	-46.105539
363.610659	-40.495540
363.570659	-40.495540
363.570659	-40.430540
366.120659	-40.430540
366.120659	-41.310540
366.490675	-41.310540
5
366.630675	-46.105539
368.630753	-46.105539
368.630753	-44.105540
366.630675	-44.105540
366.630675	-46.105539
11
366.630675	-41.215540
366.630675	-43.965540
369.770749	-43.965540
369.770749	-44.105540
368.770749	-44.105540
368.770753	-46.105540
372.270659	-46.105540
372.270659	-42.295540
370.320675	-42.295540
370.320675	-41.215540
366.630675	-41.215540
9
372.270659	-38.567987
366.260659	-38.567987
366.260659	-40.615540
366.665659	-40.615540
366.665659	-41.075540
371.940659	-41.075540
371.940659	-40.615540
372.270659	-40.615540
372.270659	-38.567987
17
372.270659	-33.635540
372.270659	-38.425540
370.090646	-38.425540
370.090646	-36.435540
369.950646	-36.435540
369.950646	-38.425540
366.260659	-38.425540
366.260659	-36.435540
365.955659	-36.435540
365.955659	-33.765540
366.665659	-33.765540
366.665659	-33.635540
369.950646	-33.635540
369.950646	-34.735540
370.090646	-34.735540
370.090646	-33.635540
372.270659	-33.635540
13
372.270660	-30.343093
366.270659	-30.343093
366.270659	-30.195540
365.955659	-30.195540
365.955659	-32.865540
366.665659	-32.865540
366.665659	-32.995540
366.965659	-32.995540
366.965659	-33.495540
371.920659	-33.495540
371.920659	-32.995540
372.270659	-32.995540
372.270659	-30.343093
7
378.240659	-25.515540
375.460659	-25.515540
375.460659	-26.035540
374.940659	-26.035540
374.940659	-29.235540
378.240659	-29.235540
378.240659	-25.515540
7
374.940659	-30.575540
374.940659	-32.995540
375.460659	-32.995540
375.460659	-33.255540
378.240659	-33.255540
378.240659	-30.575540
374.940659	-30.575540
7
374.940659	-33.635540
374.940659	-36.055540
378.240659	-36.055540
378.240659	-33.375540
375.460659	-33.375540
375.460659	-33.635540
374.940659	-33.635540
7
374.940659	-37.395540
374.940659	-40.595540
375.460659	-40.595540
375.460659	-41.115540
378.240659	-41.115540
378.240659	-37.395540
374.940659	-37.395540
11
374.960659	-10.365544
374.960659	-14.355540
386.965659	-14.355540
386.965659	-14.090540
387.090659	-14.090540
387.090659	-10.365544
386.390659	-10.365544
386.390659	-9.665540
375.490659	-9.665540
375.490659	-10.365544
374.960659	-10.365544
5
371.190659	-14.355540
372.270659	-14.355540
372.270659	-9.665540
371.190659	-9.665540
371.190659	-14.355540
7
366.260659	-10.260540
366.260659	-11.975540
371.050659	-11.975540
371.050659	-9.665540
366.760659	-9.665540
366.760659	-10.260544
366.260659	-10.260540
7
360.710659	-15.255540
366.120659	-15.255540
366.120659	-9.665540
360.990663	-9.665540
360.990663	-10.290540
360.710659	-10.290540
360.710659	-15.255540
9
354.910659	-15.255540
360.570659	-15.255540
360.570659	-10.290540
360.290659	-10.290540
360.290659	-9.665540
355.190663	-9.665540
355.190663	-10.290540
354.910659	-10.290540
354.910659	-15.255540
9
351.870659	-15.255540
349.110659	-15.255540
349.110659	-10.290540
349.390659	-10.290540
349.390659	-9.665540
351.915659	-9.665540
351.915659	-10.015540
351.870659	-10.015540
351.870659	-15.255540
9
346.210659	-15.255540
348.970659	-15.255540
348.970659	-10.290540
348.690659	-10.290540
348.690659	-9.665540
346.165659	-9.665540
346.165659	-10.015540
346.210659	-10.015540
346.210659	-15.255540
9
346.070659	-15.255540
343.310659	-15.255540
343.310659	-10.290540
343.590659	-10.290540
343.590659	-9.665540
346.115659	-9.665540
346.115659	-10.015540
346.070659	-10.015540
346.070659	-15.255540
9
340.410659	-15.255540
343.170659	-15.255540
343.170659	-10.290540
342.890659	-10.290540
342.890659	-9.665540
340.365659	-9.665540
340.365659	-10.015540
340.410659	-10.015540
340.410659	-15.255540
9
340.270659	-15.255540
337.510659	-15.255540
337.510659	-10.290540
337.790659	-10.290540
337.790659	-9.665540
340.315659	-9.665540
340.315659	-10.015540
340.270659	-10.015540
340.270659	-15.255540
9
334.610659	-15.255540
337.370659	-15.255540
337.370659	-10.290540
337.090659	-10.290540
337.090659	-9.665540
334.565659	-9.665540
334.565659	-10.015540
334.610659	-10.015540
334.610659	-15.255540
9
334.470659	-15.255540
331.710659	-15.255540
331.710659	-10.290540
331.990659	-10.290540
331.990659	-9.665540
334.515659	-9.665540
334.515659	-10.015540
334.470659	-10.015540
334.470659	-15.255540
9
328.810659	-15.255540
331.570659	-15.255540
331.570659	-10.290540
331.290659	-10.290540
331.290659	-9.665540
328.765659	-9.665540
328.765659	-10.015540
328.810659	-10.015540
328.810659	-15.255540
9
328.670659	-15.255540
325.910659	-15.255540
325.910659	-10.290540
326.190659	-10.290540
326.190659	-9.665540
328.715659	-9.665540
328.715659	-10.015540
328.670659	-10.015540
328.670659	-15.255540
9
323.010659	-15.255540
325.770659	-15.255540
325.770659	-10.290540
325.490659	-10.290540
325.490659	-9.665540
322.965659	-9.665540
322.965659	-10.015540
323.010659	-10.015540
323.010659	-15.255540
9
322.870659	-15.255540
320.110659	-15.255540
320.110659	-10.290540
320.390659	-10.290540
320.390659	-9.665540
322.915659	-9.665540
322.915659	-10.015540
322.870659	-10.015540
322.870659	-15.255540
9
314.310659	-15.255540
319.970659	-15.255540
319.970659	-10.290540
319.690659	-10.290540
319.690659	-9.665540
314.590663	-9.665540
314.590663	-10.290540
314.310659	-10.290540
314.310659	-15.255540
7
308.760659	-15.255540
314.170659	-15.255540
314.170659	-10.290540
313.890659	-10.290540
313.890659	-9.665540
308.760659	-9.665540
308.760659	-15.255540
9
380.000659	-17.815540
380.000659	-21.855540
386.740659	-21.855540
386.740659	-21.890540
387.090659	-21.890540
387.090659	-18.465544
386.390659	-18.465544
386.390659	-17.815540
380.000659	-17.815540
9
380.000659	-21.975455
380.000659	-25.655540
386.390659	-25.655540
386.390659	-25.365540
387.090659	-25.365540
387.090659	-21.940540
386.740659	-21.940540
386.740659	-21.975455
380.000659	-21.975455
9
380.000659	-25.775455
380.000659	-29.455540
386.740659	-29.455540
386.740659	-29.490540
387.090659	-29.490540
387.090659	-26.065544
386.390659	-26.065544
386.390659	-25.775451
380.000659	-25.775455
9
380.000659	-29.575455
380.000659	-33.255540
386.390659	-33.255540
386.390659	-32.965540
387.090659	-32.965540
387.090659	-29.540540
386.740659	-29.540540
386.740659	-29.575455
380.000659	-29.575455
9
380.000659	-33.375455
380.000659	-37.055540
386.740659	-37.055540
386.740659	-37.090540
387.090659	-37.090540
387.090659	-33.665544
386.390659	-33.665544
386.390659	-33.375451
380.000659	-33.375455
9
380.000659	-37.175540
380.000659	-40.855540
386.390659	-40.855540
386.390659	-40.565540
387.090659	-40.565540
387.090659	-37.140540
386.740659	-37.140540
386.740659	-37.175540
380.000659	-37.175540
9
380.000659	-40.975540
380.000659	-44.005540
386.740659	-44.005540
386.740659	-44.040540
387.090659	-44.040540
387.090659	-41.265544
386.390659	-41.265544
386.390659	-40.975540
380.000659	-40.975540
9
380.000659	-44.125540
380.000659	-46.705540
386.740659	-46.705540
386.740659	-46.740540
387.090659	-46.740540
387.090659	-44.090540
386.740659	-44.090540
386.740659	-44.125540
380.000659	-44.125540
9
380.000659	-46.825540
380.000659	-49.195540
386.390659	-49.195540
386.390659	-48.665540
387.090659	-48.665540
387.090659	-46.790540
386.740659	-46.790540
386.740659	-46.825540
380.000659	-46.825540
11
299.390659	-9.665532
299.390659	-10.365540
299.920659	-10.365540
299.920659	-17.795540
288.490659	-17.795540
288.490659	-17.765540
287.790659	-17.765540
287.790659	-10.365544
288.490659	-10.365544
288.490570	-9.665536
299.390659	-9.665536
9
383.910656	-51.275540
383.910656	-56.965540
386.390659	-56.965540
386.390659	-56.265540
387.090659	-56.265540
387.090659	-51.140540
386.740659	-51.140540
386.740659	-51.275540
383.910656	-51.275540
7
374.960659	-51.275540
374.960659	-56.265540
375.490659	-56.265540
375.490659	-56.965540
377.970656	-56.965540
377.970656	-51.275540
374.960659	-51.275540
5
372.410659	-56.965540
374.820659	-56.965540
374.820659	-48.835540
372.410659	-48.835540
372.410659	-56.965540
5
380.870656	-56.965540
378.110656	-56.965540
378.110656	-51.275540
380.870656	-51.275540
380.870656	-56.965540
5
381.010656	-56.965540
383.770656	-56.965540
383.770656	-51.275540
381.010656	-51.275540
381.010656	-56.965540
7
363.610659	-48.835540
363.610659	-56.615540
363.565659	-56.615540
363.565659	-56.965540
366.270659	-56.965540
366.270659	-48.835540
363.610659	-48.835540
11
363.470659	-48.835540
363.470659	-56.615540
363.515659	-56.615540
363.515659	-56.965540
360.990659	-56.965540
360.990659	-56.340540
360.710659	-56.340540
360.710659	-49.335540
360.960659	-49.335540
360.960659	-48.835540
363.470659	-48.835540
11
357.810659	-48.835540
357.810659	-56.615540
357.765659	-56.615540
357.765659	-56.965540
360.290659	-56.965540
360.290659	-56.340540
360.570659	-56.340540
360.570659	-49.335540
360.320659	-49.335540
360.320659	-48.835540
357.810659	-48.835540
11
357.670659	-48.835540
357.670659	-56.615540
357.715659	-56.615540
357.715659	-56.965540
355.190659	-56.965540
355.190659	-56.340540
354.910659	-56.340540
354.910659	-49.335540
355.160659	-49.335540
355.160659	-48.835540
357.670659	-48.835540
11
352.010659	-48.835540
352.010659	-56.615540
351.965659	-56.615540
351.965659	-56.965540
354.490659	-56.965540
354.490659	-56.340540
354.770659	-56.340540
354.770659	-49.335540
354.520659	-49.335540
354.520659	-48.835540
352.010659	-48.835540
11
351.870659	-48.835540
351.870659	-56.615540
351.915659	-56.615540
351.915659	-56.965540
349.390659	-56.965540
349.390659	-56.340540
349.110659	-56.340540
349.110659	-49.335540
349.360659	-49.335540
349.360659	-48.835540
351.870659	-48.835540
11
346.210659	-48.835540
346.210659	-56.615540
346.165659	-56.615540
346.165659	-56.965540
348.690659	-56.965540
348.690659	-56.340540
348.970659	-56.340540
348.970659	-49.335540
348.720659	-49.335540
348.720659	-48.835540
346.210659	-48.835540
11
346.070659	-48.835540
346.070659	-56.615540
346.115659	-56.615540
346.115659	-56.965540
343.590659	-56.965540
343.590659	-56.340540
343.310659	-56.340540
343.310659	-49.335540
343.560659	-49.335540
343.560659	-48.835540
346.070659	-48.835540
11
340.410659	-48.835540
340.410659	-56.615540
340.365659	-56.615540
340.365659	-56.965540
342.890659	-56.965540
342.890659	-56.340540
343.170659	-56.340540
343.170659	-49.335540
342.920659	-49.335540
342.920659	-48.835540
340.410659	-48.835540
11
340.270659	-48.835540
340.270659	-56.615540
340.315659	-56.615540
340.315659	-56.965540
337.790659	-56.965540
337.790659	-56.340540
337.510659	-56.340540
337.510659	-49.335540
337.760659	-49.335540
337.760659	-48.835540
340.270659	-48.835540
11
334.610659	-48.835540
334.610659	-56.615540
334.565659	-56.615540
334.565659	-56.965540
337.090659	-56.965540
337.090659	-56.340540
337.370659	-56.340540
337.370659	-49.335540
337.120659	-49.335540
337.120659	-48.835540
334.610659	-48.835540
11
334.470659	-48.835540
334.470659	-56.615540
334.515659	-56.615540
334.515659	-56.965540
331.990659	-56.965540
331.990659	-56.340540
331.710659	-56.340540
331.710659	-49.335540
331.960659	-49.335540
331.960659	-48.835540
334.470659	-48.835540
11
328.810659	-48.835540
328.810659	-56.615540
328.765659	-56.615540
328.765659	-56.965540
331.290659	-56.965540
331.290659	-56.340540
331.570659	-56.340540
331.570659	-49.335540
331.320659	-49.335540
331.320659	-48.835540
328.810659	-48.835540
11
328.670659	-48.835540
328.670659	-56.615540
328.715659	-56.615540
328.715659	-56.965540
326.190659	-56.965540
326.190659	-56.340540
325.910659	-56.340540
325.910659	-49.335540
326.160659	-49.335540
326.160659	-48.835540
328.670659	-48.835540
11
323.010659	-48.835540
323.010659	-56.615540
322.965659	-56.615540
322.965659	-56.965540
325.490659	-56.965540
325.490659	-56.340540
325.770659	-56.340540
325.770659	-49.335540
325.520659	-49.335540
325.520659	-48.835540
323.010659	-48.835540
11
322.870659	-48.835540
322.870659	-56.615540
322.915659	-56.615540
322.915659	-56.965540
320.390659	-56.965540
320.390659	-56.340540
320.110659	-56.340540
320.110659	-49.335540
320.360659	-49.335540
320.360659	-48.835540
322.870659	-48.835540
11
317.210659	-48.835540
317.210659	-56.615540
317.165659	-56.615540
317.165659	-56.965540
319.690659	-56.965540
319.690659	-56.340540
319.970659	-56.340540
319.970659	-49.335540
319.720659	-49.335540
319.720659	-48.835540
317.210659	-48.835540
11
317.070659	-48.835540
317.070659	-56.615540
317.115659	-56.615540
317.115659	-56.965540
314.590659	-56.965540
314.590659	-56.340540
314.310659	-56.340540
314.310659	-49.335540
314.560659	-49.335540
314.560659	-48.835540
317.070659	-48.835540
11
311.410659	-48.835540
311.410659	-56.615540
311.365659	-56.615540
311.365659	-56.965540
313.890659	-56.965540
313.890659	-56.340540
314.170659	-56.340540
314.170659	-49.335540
313.920659	-49.335540
313.920659	-48.835540
311.410659	-48.835540
7
308.610659	-48.835540
308.610659	-56.965540
311.315659	-56.965540
311.315659	-56.615540
311.270659	-56.615540
311.270659	-48.835540
308.610659	-48.835540
9
311.270659	-46.105540
308.390644	-46.105539
308.390644	-41.310540
308.760659	-41.310540
308.760659	-40.430540
311.310659	-40.430540
311.310659	-40.495540
311.270659	-40.495540
311.270659	-46.105540
9
311.410659	-46.105540
311.410659	-40.495540
311.370659	-40.495540
311.370659	-40.430540
313.790659	-40.430540
313.790659	-41.140540
314.170659	-41.140540
314.170659	-46.105540
311.410659	-46.105540
9
317.070659	-46.105540
317.070659	-40.495540
317.110659	-40.495540
317.110659	-40.430540
314.690659	-40.430540
314.690659	-41.140540
314.310660	-41.140540
314.310660	-46.105540
317.070659	-46.105540
9
317.210659	-46.105540
317.210659	-40.495540
317.170659	-40.495540
317.170659	-40.430540
319.590659	-40.430540
319.590659	-41.140540
319.970659	-41.140540
319.970659	-46.105540
317.210659	-46.105540
9
322.870659	-46.105540
322.870659	-40.495540
322.910659	-40.495540
322.910659	-40.430540
320.490659	-40.430540
320.490659	-41.140540
320.110660	-41.140540
320.110660	-46.105540
322.870659	-46.105540
9
323.010659	-46.105540
323.010659	-40.495540
322.970659	-40.495540
322.970659	-40.430540
325.390659	-40.430540
325.390659	-41.140540
325.770659	-41.140540
325.770659	-46.105540
323.010659	-46.105540
9
328.670659	-46.105540
328.670659	-40.495540
328.710659	-40.495540
328.710659	-40.430540
326.290659	-40.430540
326.290659	-41.140540
325.910660	-41.140540
325.910660	-46.105540
328.670659	-46.105540
9
328.810659	-46.105540
328.810659	-40.495540
328.770659	-40.495540
328.770659	-40.430540
331.190659	-40.430540
331.190659	-41.140540
331.570659	-41.140540
331.570659	-46.105540
328.810659	-46.105540
9
334.470661	-46.105540
334.470661	-40.495540
334.510661	-40.495540
334.510661	-40.430540
332.090661	-40.430540
332.090661	-41.140540
331.710661	-41.140540
331.710661	-46.105540
334.470661	-46.105540
9
334.610661	-46.105540
334.610661	-40.495540
334.570661	-40.495540
334.570661	-40.430540
336.990661	-40.430540
336.990661	-41.140540
337.370661	-41.140540
337.370661	-46.105540
334.610661	-46.105540
9
340.270659	-46.105540
340.270659	-40.495540
340.310659	-40.495540
340.310659	-40.430540
337.890659	-40.430540
337.890659	-41.140540
337.510660	-41.140540
337.510660	-46.105540
340.270659	-46.105540
9
340.410659	-46.105540
340.410659	-40.495540
340.370659	-40.495540
340.370659	-40.430540
342.790659	-40.430540
342.790659	-41.140540
343.170659	-41.140540
343.170659	-46.105540
340.410659	-46.105540
9
346.070659	-46.105540
346.070659	-40.495540
346.110659	-40.495540
346.110659	-40.430540
343.690659	-40.430540
343.690659	-41.140540
343.310660	-41.140540
343.310660	-46.105540
346.070659	-46.105540
9
346.210659	-46.105540
346.210659	-40.495540
346.170659	-40.495540
346.170659	-40.430540
348.590659	-40.430540
348.590659	-41.140540
348.970659	-41.140540
348.970659	-46.105540
346.210659	-46.105540
9
351.870659	-46.105540
351.870659	-40.495540
351.910659	-40.495540
351.910659	-40.430540
349.490659	-40.430540
349.490659	-41.140540
349.110660	-41.140540
349.110660	-46.105540
351.870659	-46.105540
9
352.010659	-46.105540
352.010659	-40.495540
351.970659	-40.495540
351.970659	-40.430540
354.390659	-40.430540
354.390659	-41.140540
354.770659	-41.140540
354.770659	-46.105540
352.010659	-46.105540
9
357.670659	-46.105540
357.670659	-40.495540
357.710659	-40.495540
357.710659	-40.430540
355.290659	-40.430540
355.290659	-41.140540
354.910660	-41.140540
354.910660	-46.105540
357.670659	-46.105540
9
357.810659	-46.105540
357.810659	-40.495540
357.770659	-40.495540
357.770659	-40.430540
360.190659	-40.430540
360.190659	-41.140540
360.570659	-41.140540
360.570659	-46.105540
357.810659	-46.105540
9
363.470659	-46.105540
363.470659	-40.495540
363.510659	-40.495540
363.510659	-40.430540
361.090659	-40.430540
361.090659	-41.140540
360.710660	-41.140540
360.710660	-46.105540
363.470659	-46.105540
21
302.470659	-46.245540
372.410584	-46.245746
372.410659	-20.805540
372.615659	-20.805541
372.615659	-20.685540
372.410659	-20.685540
372.410659	-17.795540
365.270659	-17.795540
365.270659	-17.595540
365.130659	-17.595540
365.130659	-17.795540
309.750659	-17.795540
309.750659	-17.595540
309.610659	-17.595540
309.610659	-17.795540
302.470659	-17.795540
302.470659	-18.745540
302.265644	-18.745540
302.265644	-18.885540
302.470628	-18.885540
302.470547	-46.245540
9
366.610659	-49.035540
366.610661	-56.595540
366.860661	-56.595540
366.860661	-56.965540
371.820659	-56.965540
371.820675	-56.595540
372.070659	-56.595540
372.070659	-49.035540
366.610659	-49.035541
15
374.940659	-20.805540
374.940659	-25.395540
378.360659	-25.395540
378.360659	-29.355540
374.940659	-29.355540
374.940659	-30.455540
378.360659	-30.455540
378.360659	-36.175540
374.940659	-36.175540
374.940659	-37.275540
378.360659	-37.275540
378.360659	-40.395540
379.860659	-40.395540
379.860659	-20.805540
374.940659	-20.805540
49
302.470659	-9.665540
302.470659	-14.495540
308.620659	-14.495540
308.620659	-15.395540
309.610659	-15.395540
309.610659	-15.595540
309.750659	-15.595540
309.750659	-15.395540
365.130659	-15.395540
365.130659	-15.595540
365.270659	-15.595540
365.270659	-15.395540
366.260659	-15.395540
366.260659	-14.495540
372.410659	-14.495540
372.410659	-9.665540
374.820659	-9.665540
374.820659	-14.495540
386.965659	-14.495540
386.965659	-17.695540
379.860659	-17.695540
379.860659	-20.685540
374.615659	-20.685540
374.615659	-20.805540
374.820659	-20.805540
374.820659	-41.235540
378.360659	-41.235540
378.360659	-40.515540
379.860659	-40.515540
379.860659	-49.335540
387.090659	-49.335540
387.090659	-51.135540
374.960659	-51.135540
374.960659	-49.335540
375.460659	-49.335540
375.460659	-48.695540
300.060644	-48.695540
300.060644	-48.285540
299.230659	-48.285540
299.230659	-46.335540
300.060659	-46.335540
300.060659	-20.825540
299.230659	-20.825540
299.230659	-18.885540
300.265644	-18.885540
300.265644	-18.745540
300.060659	-18.745540
300.060659	-9.665540
302.470659	-9.665540
9
302.810659	-49.035540
302.810659	-56.595540
303.060659	-56.595540
303.060659	-56.965540
308.020621	-56.965540
308.020658	-56.595540
308.270658	-56.595540
308.270658	-49.035540
302.810659	-49.035540
9
352.010659	-15.255540
352.010659	-10.015540
351.965659	-10.015540
351.965659	-9.665540
354.490659	-9.665540
354.490659	-10.290540
354.770659	-10.290540
354.770659	-15.255540
352.010659	-15.255540
13
337.760659	-17.935540
337.760659	-18.435540
337.510659	-18.435540
337.510659	-25.490540
337.890659	-25.490540
337.890659	-26.200540
342.790659	-26.200540
342.790659	-25.490540
343.170659	-25.490540
343.170659	-18.435540
342.920659	-18.435540
342.920659	-17.935540
337.760659	-17.935540
